(kicad_pcb (version 20171130) (host pcbnew 5.0.0+dfsg1-1)

  (general
    (thickness 1.6)
    (drawings 18)
    (tracks 820)
    (zones 0)
    (modules 78)
    (nets 137)
  )

  (page A4)
  (layers
    (0 F.Cu signal)
    (31 B.Cu signal)
    (32 B.Adhes user)
    (33 F.Adhes user)
    (34 B.Paste user hide)
    (35 F.Paste user)
    (36 B.SilkS user hide)
    (37 F.SilkS user)
    (38 B.Mask user hide)
    (39 F.Mask user)
    (40 Dwgs.User user)
    (41 Cmts.User user)
    (42 Eco1.User user)
    (43 Eco2.User user)
    (44 Edge.Cuts user)
    (45 Margin user)
    (46 B.CrtYd user)
    (47 F.CrtYd user hide)
    (48 B.Fab user)
    (49 F.Fab user hide)
  )

  (setup
    (last_trace_width 0.4)
    (trace_clearance 0.4)
    (zone_clearance 0.508)
    (zone_45_only no)
    (trace_min 0.2)
    (segment_width 0.2)
    (edge_width 0.15)
    (via_size 1.6)
    (via_drill 0.8)
    (via_min_size 0.4)
    (via_min_drill 0.3)
    (uvia_size 0.3)
    (uvia_drill 0.1)
    (uvias_allowed no)
    (uvia_min_size 0.2)
    (uvia_min_drill 0.1)
    (pcb_text_width 0.3)
    (pcb_text_size 1.5 1.5)
    (mod_edge_width 0.15)
    (mod_text_size 1 1)
    (mod_text_width 0.15)
    (pad_size 1.15 1.4)
    (pad_drill 0)
    (pad_to_mask_clearance 0.2)
    (aux_axis_origin 0 0)
    (visible_elements FFFFFF7F)
    (pcbplotparams
      (layerselection 0x00020_7ffffffe)
      (usegerberextensions false)
      (usegerberattributes false)
      (usegerberadvancedattributes false)
      (creategerberjobfile false)
      (excludeedgelayer false)
      (linewidth 0.100000)
      (plotframeref true)
      (viasonmask false)
      (mode 1)
      (useauxorigin false)
      (hpglpennumber 1)
      (hpglpenspeed 20)
      (hpglpendiameter 15.000000)
      (psnegative false)
      (psa4output false)
      (plotreference true)
      (plotvalue false)
      (plotinvisibletext false)
      (padsonsilk false)
      (subtractmaskfromsilk false)
      (outputformat 5)
      (mirror false)
      (drillshape 1)
      (scaleselection 1)
      (outputdirectory "output/"))
  )

  (net 0 "")
  (net 1 "Net-(D1-Pad2)")
  (net 2 "Net-(D2-Pad2)")
  (net 3 "Net-(D3-Pad2)")
  (net 4 "Net-(D4-Pad2)")
  (net 5 "Net-(Q1-Pad3)")
  (net 6 GND)
  (net 7 +VDC)
  (net 8 "Net-(C6-Pad2)")
  (net 9 "Net-(R1a1-Pad2)")
  (net 10 "Net-(Q2-Pad3)")
  (net 11 +3V3)
  (net 12 "Net-(D2-Pad1)")
  (net 13 "Net-(D2-Pad3)")
  (net 14 "Net-(D2-Pad4)")
  (net 15 "Net-(J2-Pad19)")
  (net 16 "Net-(J2-Pad18)")
  (net 17 "Net-(J2-Pad16)")
  (net 18 "Net-(J2-Pad17)")
  (net 19 "Net-(D5-Pad2)")
  (net 20 "Net-(J2-Pad12)")
  (net 21 "Net-(J2-Pad1)")
  (net 22 +9V)
  (net 23 "Net-(Q1-Pad1)")
  (net 24 "Net-(U1-Pad1)")
  (net 25 "Net-(U1-Pad2)")
  (net 26 "Net-(U1-Pad3)")
  (net 27 "Net-(U1-Pad4)")
  (net 28 "Net-(U1-Pad5)")
  (net 29 "Net-(U1-Pad6)")
  (net 30 "Net-(U1-Pad7)")
  (net 31 "Net-(U1-Pad9)")
  (net 32 "Net-(U1-Pad10)")
  (net 33 "Net-(U1-Pad11)")
  (net 34 "Net-(U1-Pad12)")
  (net 35 "Net-(U1-Pad14)")
  (net 36 "Net-(U1-Pad15)")
  (net 37 "Net-(U2-Pad15)")
  (net 38 "Net-(U2-Pad12)")
  (net 39 "Net-(U2-Pad11)")
  (net 40 "Net-(U2-Pad10)")
  (net 41 "Net-(U2-Pad9)")
  (net 42 "Net-(U2-Pad7)")
  (net 43 "Net-(U2-Pad6)")
  (net 44 "Net-(U2-Pad5)")
  (net 45 "Net-(U2-Pad4)")
  (net 46 "Net-(U2-Pad3)")
  (net 47 "Net-(U2-Pad2)")
  (net 48 "Net-(U2-Pad1)")
  (net 49 "Net-(U3-Pad9)")
  (net 50 "Net-(U3-Pad10)")
  (net 51 "Net-(U3-Pad11)")
  (net 52 "Net-(U3-Pad12)")
  (net 53 "Net-(C3-Pad1)")
  (net 54 /A4)
  (net 55 /A1)
  (net 56 /A2)
  (net 57 /A3)
  (net 58 /front_panel/A4)
  (net 59 /front_panel/A1)
  (net 60 /front_panel/A2)
  (net 61 /front_panel/A3)
  (net 62 "Net-(J3-Pad16)")
  (net 63 "Net-(J3-Pad17)")
  (net 64 "Net-(J3-Pad18)")
  (net 65 "Net-(J3-Pad19)")
  (net 66 "Net-(J3-Pad20)")
  (net 67 "Net-(J3-Pad21)")
  (net 68 "Net-(J3-Pad22)")
  (net 69 "Net-(J3-Pad23)")
  (net 70 "Net-(J3-Pad24)")
  (net 71 "Net-(J3-Pad25)")
  (net 72 "Net-(J3-Pad26)")
  (net 73 "Net-(Q2-Pad1)")
  (net 74 "Net-(Q3-Pad1)")
  (net 75 /DRIVE_A1)
  (net 76 "Net-(Q4-Pad1)")
  (net 77 /DRIVE_A2)
  (net 78 "Net-(Q4-Pad3)")
  (net 79 "Net-(Q5-Pad1)")
  (net 80 "Net-(Q7-Pad1)")
  (net 81 /DRIVE_A3)
  (net 82 "Net-(Q6-Pad1)")
  (net 83 "Net-(Q5-Pad3)")
  (net 84 "Net-(Q7-Pad3)")
  (net 85 "Net-(Q6-Pad3)")
  (net 86 "Net-(Q3-Pad3)")
  (net 87 "Net-(R3-Pad2)")
  (net 88 "Net-(Q9-Pad1)")
  (net 89 /DRIVE_A4)
  (net 90 "Net-(Q8-Pad1)")
  (net 91 "Net-(Q9-Pad3)")
  (net 92 "Net-(Q8-Pad3)")
  (net 93 /DRIVE_D1)
  (net 94 "Net-(Q11-Pad1)")
  (net 95 "Net-(Q12-Pad1)")
  (net 96 /DRIVE_D2)
  (net 97 /DRIVE_D9)
  (net 98 "Net-(Q19-Pad1)")
  (net 99 "Net-(Q20-Pad1)")
  (net 100 /DRIVE_DOT)
  (net 101 /DRIVE_D4)
  (net 102 "Net-(Q14-Pad1)")
  (net 103 "Net-(Q15-Pad1)")
  (net 104 /DRIVE_D5)
  (net 105 /DRIVE_D6)
  (net 106 "Net-(Q16-Pad1)")
  (net 107 "Net-(Q17-Pad1)")
  (net 108 /DRIVE_D7)
  (net 109 /DRIVE_D8)
  (net 110 "Net-(Q18-Pad1)")
  (net 111 "Net-(Q13-Pad1)")
  (net 112 /DRIVE_D3)
  (net 113 /DRIVE_D0)
  (net 114 "Net-(Q10-Pad1)")
  (net 115 /front_panel/D7)
  (net 116 /front_panel/D8)
  (net 117 /front_panel/D9)
  (net 118 /front_panel/D0)
  (net 119 /front_panel/DOT)
  (net 120 /front_panel/D1)
  (net 121 /front_panel/D2)
  (net 122 /front_panel/D3)
  (net 123 /front_panel/D4)
  (net 124 /front_panel/D5)
  (net 125 /front_panel/D6)
  (net 126 /D5)
  (net 127 /D4)
  (net 128 /D3)
  (net 129 /D2)
  (net 130 /D1)
  (net 131 /D0)
  (net 132 /DOT)
  (net 133 /D8)
  (net 134 /D7)
  (net 135 /D6)
  (net 136 /D9)

  (net_class Default "This is the default net class."
    (clearance 0.4)
    (trace_width 0.4)
    (via_dia 1.6)
    (via_drill 0.8)
    (uvia_dia 0.3)
    (uvia_drill 0.1)
    (add_net +3V3)
    (add_net +9V)
    (add_net +VDC)
    (add_net /A1)
    (add_net /A2)
    (add_net /A3)
    (add_net /A4)
    (add_net /D0)
    (add_net /D1)
    (add_net /D2)
    (add_net /D3)
    (add_net /D4)
    (add_net /D5)
    (add_net /D6)
    (add_net /D7)
    (add_net /D8)
    (add_net /D9)
    (add_net /DOT)
    (add_net /DRIVE_A1)
    (add_net /DRIVE_A2)
    (add_net /DRIVE_A3)
    (add_net /DRIVE_A4)
    (add_net /DRIVE_D0)
    (add_net /DRIVE_D1)
    (add_net /DRIVE_D2)
    (add_net /DRIVE_D3)
    (add_net /DRIVE_D4)
    (add_net /DRIVE_D5)
    (add_net /DRIVE_D6)
    (add_net /DRIVE_D7)
    (add_net /DRIVE_D8)
    (add_net /DRIVE_D9)
    (add_net /DRIVE_DOT)
    (add_net /front_panel/A1)
    (add_net /front_panel/A2)
    (add_net /front_panel/A3)
    (add_net /front_panel/A4)
    (add_net /front_panel/D0)
    (add_net /front_panel/D1)
    (add_net /front_panel/D2)
    (add_net /front_panel/D3)
    (add_net /front_panel/D4)
    (add_net /front_panel/D5)
    (add_net /front_panel/D6)
    (add_net /front_panel/D7)
    (add_net /front_panel/D8)
    (add_net /front_panel/D9)
    (add_net /front_panel/DOT)
    (add_net GND)
    (add_net "Net-(C3-Pad1)")
    (add_net "Net-(C6-Pad2)")
    (add_net "Net-(D1-Pad2)")
    (add_net "Net-(D2-Pad1)")
    (add_net "Net-(D2-Pad2)")
    (add_net "Net-(D2-Pad3)")
    (add_net "Net-(D2-Pad4)")
    (add_net "Net-(D3-Pad2)")
    (add_net "Net-(D4-Pad2)")
    (add_net "Net-(D5-Pad2)")
    (add_net "Net-(J2-Pad1)")
    (add_net "Net-(J2-Pad12)")
    (add_net "Net-(J2-Pad16)")
    (add_net "Net-(J2-Pad17)")
    (add_net "Net-(J2-Pad18)")
    (add_net "Net-(J2-Pad19)")
    (add_net "Net-(J3-Pad16)")
    (add_net "Net-(J3-Pad17)")
    (add_net "Net-(J3-Pad18)")
    (add_net "Net-(J3-Pad19)")
    (add_net "Net-(J3-Pad20)")
    (add_net "Net-(J3-Pad21)")
    (add_net "Net-(J3-Pad22)")
    (add_net "Net-(J3-Pad23)")
    (add_net "Net-(J3-Pad24)")
    (add_net "Net-(J3-Pad25)")
    (add_net "Net-(J3-Pad26)")
    (add_net "Net-(Q1-Pad1)")
    (add_net "Net-(Q1-Pad3)")
    (add_net "Net-(Q10-Pad1)")
    (add_net "Net-(Q11-Pad1)")
    (add_net "Net-(Q12-Pad1)")
    (add_net "Net-(Q13-Pad1)")
    (add_net "Net-(Q14-Pad1)")
    (add_net "Net-(Q15-Pad1)")
    (add_net "Net-(Q16-Pad1)")
    (add_net "Net-(Q17-Pad1)")
    (add_net "Net-(Q18-Pad1)")
    (add_net "Net-(Q19-Pad1)")
    (add_net "Net-(Q2-Pad1)")
    (add_net "Net-(Q2-Pad3)")
    (add_net "Net-(Q20-Pad1)")
    (add_net "Net-(Q3-Pad1)")
    (add_net "Net-(Q3-Pad3)")
    (add_net "Net-(Q4-Pad1)")
    (add_net "Net-(Q4-Pad3)")
    (add_net "Net-(Q5-Pad1)")
    (add_net "Net-(Q5-Pad3)")
    (add_net "Net-(Q6-Pad1)")
    (add_net "Net-(Q6-Pad3)")
    (add_net "Net-(Q7-Pad1)")
    (add_net "Net-(Q7-Pad3)")
    (add_net "Net-(Q8-Pad1)")
    (add_net "Net-(Q8-Pad3)")
    (add_net "Net-(Q9-Pad1)")
    (add_net "Net-(Q9-Pad3)")
    (add_net "Net-(R1a1-Pad2)")
    (add_net "Net-(R3-Pad2)")
    (add_net "Net-(U1-Pad1)")
    (add_net "Net-(U1-Pad10)")
    (add_net "Net-(U1-Pad11)")
    (add_net "Net-(U1-Pad12)")
    (add_net "Net-(U1-Pad14)")
    (add_net "Net-(U1-Pad15)")
    (add_net "Net-(U1-Pad2)")
    (add_net "Net-(U1-Pad3)")
    (add_net "Net-(U1-Pad4)")
    (add_net "Net-(U1-Pad5)")
    (add_net "Net-(U1-Pad6)")
    (add_net "Net-(U1-Pad7)")
    (add_net "Net-(U1-Pad9)")
    (add_net "Net-(U2-Pad1)")
    (add_net "Net-(U2-Pad10)")
    (add_net "Net-(U2-Pad11)")
    (add_net "Net-(U2-Pad12)")
    (add_net "Net-(U2-Pad15)")
    (add_net "Net-(U2-Pad2)")
    (add_net "Net-(U2-Pad3)")
    (add_net "Net-(U2-Pad4)")
    (add_net "Net-(U2-Pad5)")
    (add_net "Net-(U2-Pad6)")
    (add_net "Net-(U2-Pad7)")
    (add_net "Net-(U2-Pad9)")
    (add_net "Net-(U3-Pad10)")
    (add_net "Net-(U3-Pad11)")
    (add_net "Net-(U3-Pad12)")
    (add_net "Net-(U3-Pad9)")
  )

  (module Resistor_SMD:R_0805_2012Metric_Pad1.15x1.40mm_HandSolder (layer F.Cu) (tedit 5B36C52B) (tstamp 5B6C07BA)
    (at 188.595 119.38)
    (descr "Resistor SMD 0805 (2012 Metric), square (rectangular) end terminal, IPC_7351 nominal with elongated pad for handsoldering. (Body size source: https://docs.google.com/spreadsheets/d/1BsfQQcO9C6DZCsRaXUlFlo91Tg2WpOkGARC1WS5S8t0/edit?usp=sharing), generated with kicad-footprint-generator")
    (tags "resistor handsolder")
    (path /5B657ABD)
    (attr smd)
    (fp_text reference R16 (at 0 -1.65) (layer F.SilkS)
      (effects (font (size 1 1) (thickness 0.15)))
    )
    (fp_text value 33k (at 0 1.65) (layer F.Fab)
      (effects (font (size 1 1) (thickness 0.15)))
    )
    (fp_text user %R (at 0 0) (layer F.Fab)
      (effects (font (size 0.5 0.5) (thickness 0.08)))
    )
    (fp_line (start 1.85 0.95) (end -1.85 0.95) (layer F.CrtYd) (width 0.05))
    (fp_line (start 1.85 -0.95) (end 1.85 0.95) (layer F.CrtYd) (width 0.05))
    (fp_line (start -1.85 -0.95) (end 1.85 -0.95) (layer F.CrtYd) (width 0.05))
    (fp_line (start -1.85 0.95) (end -1.85 -0.95) (layer F.CrtYd) (width 0.05))
    (fp_line (start -0.261252 0.71) (end 0.261252 0.71) (layer F.SilkS) (width 0.12))
    (fp_line (start -0.261252 -0.71) (end 0.261252 -0.71) (layer F.SilkS) (width 0.12))
    (fp_line (start 1 0.6) (end -1 0.6) (layer F.Fab) (width 0.1))
    (fp_line (start 1 -0.6) (end 1 0.6) (layer F.Fab) (width 0.1))
    (fp_line (start -1 -0.6) (end 1 -0.6) (layer F.Fab) (width 0.1))
    (fp_line (start -1 0.6) (end -1 -0.6) (layer F.Fab) (width 0.1))
    (pad 2 smd roundrect (at 1.025 0) (size 1.15 1.4) (layers F.Cu F.Paste F.Mask) (roundrect_rratio 0.217391)
      (net 89 /DRIVE_A4))
    (pad 1 smd roundrect (at -1.025 0) (size 1.15 1.4) (layers F.Cu F.Paste F.Mask) (roundrect_rratio 0.217391)
      (net 90 "Net-(Q8-Pad1)"))
    (model ${KISYS3DMOD}/Resistor_SMD.3dshapes/R_0805_2012Metric.wrl
      (at (xyz 0 0 0))
      (scale (xyz 1 1 1))
      (rotate (xyz 0 0 0))
    )
  )

  (module Package_TO_SOT_SMD:SOT-323_SC-70_Handsoldering (layer B.Cu) (tedit 5A02FF57) (tstamp 5B6BB8A7)
    (at 188.80652 124.959742)
    (descr "SOT-323, SC-70 Handsoldering")
    (tags "SOT-323 SC-70 Handsoldering")
    (path /5B61DCB3)
    (attr smd)
    (fp_text reference Q6 (at 0 2) (layer B.SilkS)
      (effects (font (size 1 1) (thickness 0.15)) (justify mirror))
    )
    (fp_text value MMBTA42 (at 0 -2.05) (layer B.Fab)
      (effects (font (size 1 1) (thickness 0.15)) (justify mirror))
    )
    (fp_line (start -0.175 1.1) (end -0.675 0.6) (layer B.Fab) (width 0.1))
    (fp_line (start 0.675 -1.1) (end -0.675 -1.1) (layer B.Fab) (width 0.1))
    (fp_line (start 0.675 1.1) (end 0.675 -1.1) (layer B.Fab) (width 0.1))
    (fp_line (start -0.675 0.6) (end -0.675 -1.1) (layer B.Fab) (width 0.1))
    (fp_line (start 0.675 1.1) (end -0.175 1.1) (layer B.Fab) (width 0.1))
    (fp_line (start -0.675 -1.16) (end 0.735 -1.16) (layer B.SilkS) (width 0.12))
    (fp_line (start 0.735 1.16) (end -2 1.16) (layer B.SilkS) (width 0.12))
    (fp_line (start -2.4 -1.3) (end -2.4 1.3) (layer B.CrtYd) (width 0.05))
    (fp_line (start -2.4 1.3) (end 2.4 1.3) (layer B.CrtYd) (width 0.05))
    (fp_line (start 2.4 1.3) (end 2.4 -1.3) (layer B.CrtYd) (width 0.05))
    (fp_line (start 2.4 -1.3) (end -2.4 -1.3) (layer B.CrtYd) (width 0.05))
    (fp_line (start 0.735 1.17) (end 0.735 0.5) (layer B.SilkS) (width 0.12))
    (fp_line (start 0.735 -0.5) (end 0.735 -1.16) (layer B.SilkS) (width 0.12))
    (fp_text user %R (at 0 0 -90) (layer B.Fab)
      (effects (font (size 0.5 0.5) (thickness 0.075)) (justify mirror))
    )
    (pad 3 smd rect (at 1.33 0 90) (size 0.45 1.5) (layers B.Cu B.Paste B.Mask)
      (net 85 "Net-(Q6-Pad3)"))
    (pad 2 smd rect (at -1.33 -0.65 90) (size 0.45 1.5) (layers B.Cu B.Paste B.Mask)
      (net 6 GND))
    (pad 1 smd rect (at -1.33 0.65 90) (size 0.45 1.5) (layers B.Cu B.Paste B.Mask)
      (net 82 "Net-(Q6-Pad1)"))
    (model ${KISYS3DMOD}/Package_TO_SOT_SMD.3dshapes/SOT-323_SC-70.wrl
      (at (xyz 0 0 0))
      (scale (xyz 1 1 1))
      (rotate (xyz 0 0 0))
    )
  )

  (module Resistor_SMD:R_0805_2012Metric_Pad1.15x1.40mm_HandSolder (layer B.Cu) (tedit 5B36C52B) (tstamp 5B6C0348)
    (at 184.36152 124.959742 90)
    (descr "Resistor SMD 0805 (2012 Metric), square (rectangular) end terminal, IPC_7351 nominal with elongated pad for handsoldering. (Body size source: https://docs.google.com/spreadsheets/d/1BsfQQcO9C6DZCsRaXUlFlo91Tg2WpOkGARC1WS5S8t0/edit?usp=sharing), generated with kicad-footprint-generator")
    (tags "resistor handsolder")
    (path /5B61DCCA)
    (attr smd)
    (fp_text reference R12 (at 0 1.65 90) (layer B.SilkS)
      (effects (font (size 1 1) (thickness 0.15)) (justify mirror))
    )
    (fp_text value 33k (at 0 -1.65 90) (layer B.Fab)
      (effects (font (size 1 1) (thickness 0.15)) (justify mirror))
    )
    (fp_text user %R (at 0 0 90) (layer B.Fab)
      (effects (font (size 0.5 0.5) (thickness 0.08)) (justify mirror))
    )
    (fp_line (start 1.85 -0.95) (end -1.85 -0.95) (layer B.CrtYd) (width 0.05))
    (fp_line (start 1.85 0.95) (end 1.85 -0.95) (layer B.CrtYd) (width 0.05))
    (fp_line (start -1.85 0.95) (end 1.85 0.95) (layer B.CrtYd) (width 0.05))
    (fp_line (start -1.85 -0.95) (end -1.85 0.95) (layer B.CrtYd) (width 0.05))
    (fp_line (start -0.261252 -0.71) (end 0.261252 -0.71) (layer B.SilkS) (width 0.12))
    (fp_line (start -0.261252 0.71) (end 0.261252 0.71) (layer B.SilkS) (width 0.12))
    (fp_line (start 1 -0.6) (end -1 -0.6) (layer B.Fab) (width 0.1))
    (fp_line (start 1 0.6) (end 1 -0.6) (layer B.Fab) (width 0.1))
    (fp_line (start -1 0.6) (end 1 0.6) (layer B.Fab) (width 0.1))
    (fp_line (start -1 -0.6) (end -1 0.6) (layer B.Fab) (width 0.1))
    (pad 2 smd roundrect (at 1.025 0 90) (size 1.15 1.4) (layers B.Cu B.Paste B.Mask) (roundrect_rratio 0.217391)
      (net 81 /DRIVE_A3))
    (pad 1 smd roundrect (at -1.025 0 90) (size 1.15 1.4) (layers B.Cu B.Paste B.Mask) (roundrect_rratio 0.217391)
      (net 82 "Net-(Q6-Pad1)"))
    (model ${KISYS3DMOD}/Resistor_SMD.3dshapes/R_0805_2012Metric.wrl
      (at (xyz 0 0 0))
      (scale (xyz 1 1 1))
      (rotate (xyz 0 0 0))
    )
  )

  (module Package_SO:SOIC-16_3.9x9.9mm_P1.27mm (layer B.Cu) (tedit 5A02F2D3) (tstamp 5B6853AF)
    (at 192.405 111.125 90)
    (descr "16-Lead Plastic Small Outline (SL) - Narrow, 3.90 mm Body [SOIC] (see Microchip Packaging Specification 00000049BS.pdf)")
    (tags "SOIC 1.27")
    (path /5B5B3A5D)
    (attr smd)
    (fp_text reference U3 (at 0 6 90) (layer B.SilkS)
      (effects (font (size 1 1) (thickness 0.15)) (justify mirror))
    )
    (fp_text value 74HC595 (at 0 -6 90) (layer B.Fab)
      (effects (font (size 1 1) (thickness 0.15)) (justify mirror))
    )
    (fp_text user %R (at 0 0 90) (layer B.Fab)
      (effects (font (size 0.9 0.9) (thickness 0.135)) (justify mirror))
    )
    (fp_line (start -0.95 4.95) (end 1.95 4.95) (layer B.Fab) (width 0.15))
    (fp_line (start 1.95 4.95) (end 1.95 -4.95) (layer B.Fab) (width 0.15))
    (fp_line (start 1.95 -4.95) (end -1.95 -4.95) (layer B.Fab) (width 0.15))
    (fp_line (start -1.95 -4.95) (end -1.95 3.95) (layer B.Fab) (width 0.15))
    (fp_line (start -1.95 3.95) (end -0.95 4.95) (layer B.Fab) (width 0.15))
    (fp_line (start -3.7 5.25) (end -3.7 -5.25) (layer B.CrtYd) (width 0.05))
    (fp_line (start 3.7 5.25) (end 3.7 -5.25) (layer B.CrtYd) (width 0.05))
    (fp_line (start -3.7 5.25) (end 3.7 5.25) (layer B.CrtYd) (width 0.05))
    (fp_line (start -3.7 -5.25) (end 3.7 -5.25) (layer B.CrtYd) (width 0.05))
    (fp_line (start -2.075 5.075) (end -2.075 5.05) (layer B.SilkS) (width 0.15))
    (fp_line (start 2.075 5.075) (end 2.075 4.97) (layer B.SilkS) (width 0.15))
    (fp_line (start 2.075 -5.075) (end 2.075 -4.97) (layer B.SilkS) (width 0.15))
    (fp_line (start -2.075 -5.075) (end -2.075 -4.97) (layer B.SilkS) (width 0.15))
    (fp_line (start -2.075 5.075) (end 2.075 5.075) (layer B.SilkS) (width 0.15))
    (fp_line (start -2.075 -5.075) (end 2.075 -5.075) (layer B.SilkS) (width 0.15))
    (fp_line (start -2.075 5.05) (end -3.45 5.05) (layer B.SilkS) (width 0.15))
    (pad 1 smd rect (at -2.7 4.445 90) (size 1.5 0.6) (layers B.Cu B.Paste B.Mask)
      (net 109 /DRIVE_D8))
    (pad 2 smd rect (at -2.7 3.175 90) (size 1.5 0.6) (layers B.Cu B.Paste B.Mask)
      (net 104 /DRIVE_D5))
    (pad 3 smd rect (at -2.7 1.905 90) (size 1.5 0.6) (layers B.Cu B.Paste B.Mask)
      (net 101 /DRIVE_D4))
    (pad 4 smd rect (at -2.7 0.635 90) (size 1.5 0.6) (layers B.Cu B.Paste B.Mask)
      (net 89 /DRIVE_A4))
    (pad 5 smd rect (at -2.7 -0.635 90) (size 1.5 0.6) (layers B.Cu B.Paste B.Mask)
      (net 81 /DRIVE_A3))
    (pad 6 smd rect (at -2.7 -1.905 90) (size 1.5 0.6) (layers B.Cu B.Paste B.Mask)
      (net 77 /DRIVE_A2))
    (pad 7 smd rect (at -2.7 -3.175 90) (size 1.5 0.6) (layers B.Cu B.Paste B.Mask)
      (net 75 /DRIVE_A1))
    (pad 8 smd rect (at -2.7 -4.445 90) (size 1.5 0.6) (layers B.Cu B.Paste B.Mask)
      (net 6 GND))
    (pad 9 smd rect (at 2.7 -4.445 90) (size 1.5 0.6) (layers B.Cu B.Paste B.Mask)
      (net 49 "Net-(U3-Pad9)"))
    (pad 10 smd rect (at 2.7 -3.175 90) (size 1.5 0.6) (layers B.Cu B.Paste B.Mask)
      (net 50 "Net-(U3-Pad10)"))
    (pad 11 smd rect (at 2.7 -1.905 90) (size 1.5 0.6) (layers B.Cu B.Paste B.Mask)
      (net 51 "Net-(U3-Pad11)"))
    (pad 12 smd rect (at 2.7 -0.635 90) (size 1.5 0.6) (layers B.Cu B.Paste B.Mask)
      (net 52 "Net-(U3-Pad12)"))
    (pad 13 smd rect (at 2.7 0.635 90) (size 1.5 0.6) (layers B.Cu B.Paste B.Mask)
      (net 87 "Net-(R3-Pad2)"))
    (pad 14 smd rect (at 2.7 1.905 90) (size 1.5 0.6) (layers B.Cu B.Paste B.Mask)
      (net 41 "Net-(U2-Pad9)"))
    (pad 15 smd rect (at 2.7 3.175 90) (size 1.5 0.6) (layers B.Cu B.Paste B.Mask)
      (net 112 /DRIVE_D3))
    (pad 16 smd rect (at 2.7 4.445 90) (size 1.5 0.6) (layers B.Cu B.Paste B.Mask)
      (net 11 +3V3))
    (model ${KISYS3DMOD}/Package_SO.3dshapes/SOIC-16_3.9x9.9mm_P1.27mm.wrl
      (at (xyz 0 0 0))
      (scale (xyz 1 1 1))
      (rotate (xyz 0 0 0))
    )
  )

  (module Package_TO_SOT_SMD:SOT-323_SC-70_Handsoldering (layer F.Cu) (tedit 5A02FF57) (tstamp 5B5DE90F)
    (at 208.915 97.155)
    (descr "SOT-323, SC-70 Handsoldering")
    (tags "SOT-323 SC-70 Handsoldering")
    (path /5B66EB7A)
    (attr smd)
    (fp_text reference Q10 (at 0 -2) (layer F.SilkS)
      (effects (font (size 1 1) (thickness 0.15)))
    )
    (fp_text value MMBTA42 (at 0 2.05) (layer F.Fab)
      (effects (font (size 1 1) (thickness 0.15)))
    )
    (fp_text user %R (at 0 0 90) (layer F.Fab)
      (effects (font (size 0.5 0.5) (thickness 0.075)))
    )
    (fp_line (start 0.735 0.5) (end 0.735 1.16) (layer F.SilkS) (width 0.12))
    (fp_line (start 0.735 -1.17) (end 0.735 -0.5) (layer F.SilkS) (width 0.12))
    (fp_line (start 2.4 1.3) (end -2.4 1.3) (layer F.CrtYd) (width 0.05))
    (fp_line (start 2.4 -1.3) (end 2.4 1.3) (layer F.CrtYd) (width 0.05))
    (fp_line (start -2.4 -1.3) (end 2.4 -1.3) (layer F.CrtYd) (width 0.05))
    (fp_line (start -2.4 1.3) (end -2.4 -1.3) (layer F.CrtYd) (width 0.05))
    (fp_line (start 0.735 -1.16) (end -2 -1.16) (layer F.SilkS) (width 0.12))
    (fp_line (start -0.675 1.16) (end 0.735 1.16) (layer F.SilkS) (width 0.12))
    (fp_line (start 0.675 -1.1) (end -0.175 -1.1) (layer F.Fab) (width 0.1))
    (fp_line (start -0.675 -0.6) (end -0.675 1.1) (layer F.Fab) (width 0.1))
    (fp_line (start 0.675 -1.1) (end 0.675 1.1) (layer F.Fab) (width 0.1))
    (fp_line (start 0.675 1.1) (end -0.675 1.1) (layer F.Fab) (width 0.1))
    (fp_line (start -0.175 -1.1) (end -0.675 -0.6) (layer F.Fab) (width 0.1))
    (pad 1 smd rect (at -1.33 -0.65 270) (size 0.45 1.5) (layers F.Cu F.Paste F.Mask)
      (net 114 "Net-(Q10-Pad1)"))
    (pad 2 smd rect (at -1.33 0.65 270) (size 0.45 1.5) (layers F.Cu F.Paste F.Mask)
      (net 6 GND))
    (pad 3 smd rect (at 1.33 0 270) (size 0.45 1.5) (layers F.Cu F.Paste F.Mask)
      (net 131 /D0))
    (model ${KISYS3DMOD}/Package_TO_SOT_SMD.3dshapes/SOT-323_SC-70.wrl
      (at (xyz 0 0 0))
      (scale (xyz 1 1 1))
      (rotate (xyz 0 0 0))
    )
  )

  (module Package_TO_SOT_SMD:SOT-323_SC-70_Handsoldering (layer F.Cu) (tedit 5A02FF57) (tstamp 5B5DE00E)
    (at 208.915 93.345)
    (descr "SOT-323, SC-70 Handsoldering")
    (tags "SOT-323 SC-70 Handsoldering")
    (path /5B6ACF8A)
    (attr smd)
    (fp_text reference Q19 (at 0 -2) (layer F.SilkS)
      (effects (font (size 1 1) (thickness 0.15)))
    )
    (fp_text value MMBTA42 (at 0 2.05) (layer F.Fab)
      (effects (font (size 1 1) (thickness 0.15)))
    )
    (fp_line (start -0.175 -1.1) (end -0.675 -0.6) (layer F.Fab) (width 0.1))
    (fp_line (start 0.675 1.1) (end -0.675 1.1) (layer F.Fab) (width 0.1))
    (fp_line (start 0.675 -1.1) (end 0.675 1.1) (layer F.Fab) (width 0.1))
    (fp_line (start -0.675 -0.6) (end -0.675 1.1) (layer F.Fab) (width 0.1))
    (fp_line (start 0.675 -1.1) (end -0.175 -1.1) (layer F.Fab) (width 0.1))
    (fp_line (start -0.675 1.16) (end 0.735 1.16) (layer F.SilkS) (width 0.12))
    (fp_line (start 0.735 -1.16) (end -2 -1.16) (layer F.SilkS) (width 0.12))
    (fp_line (start -2.4 1.3) (end -2.4 -1.3) (layer F.CrtYd) (width 0.05))
    (fp_line (start -2.4 -1.3) (end 2.4 -1.3) (layer F.CrtYd) (width 0.05))
    (fp_line (start 2.4 -1.3) (end 2.4 1.3) (layer F.CrtYd) (width 0.05))
    (fp_line (start 2.4 1.3) (end -2.4 1.3) (layer F.CrtYd) (width 0.05))
    (fp_line (start 0.735 -1.17) (end 0.735 -0.5) (layer F.SilkS) (width 0.12))
    (fp_line (start 0.735 0.5) (end 0.735 1.16) (layer F.SilkS) (width 0.12))
    (fp_text user %R (at 0 0 90) (layer F.Fab)
      (effects (font (size 0.5 0.5) (thickness 0.075)))
    )
    (pad 3 smd rect (at 1.33 0 270) (size 0.45 1.5) (layers F.Cu F.Paste F.Mask)
      (net 136 /D9))
    (pad 2 smd rect (at -1.33 0.65 270) (size 0.45 1.5) (layers F.Cu F.Paste F.Mask)
      (net 6 GND))
    (pad 1 smd rect (at -1.33 -0.65 270) (size 0.45 1.5) (layers F.Cu F.Paste F.Mask)
      (net 98 "Net-(Q19-Pad1)"))
    (model ${KISYS3DMOD}/Package_TO_SOT_SMD.3dshapes/SOT-323_SC-70.wrl
      (at (xyz 0 0 0))
      (scale (xyz 1 1 1))
      (rotate (xyz 0 0 0))
    )
  )

  (module Package_TO_SOT_SMD:SOT-323_SC-70_Handsoldering (layer F.Cu) (tedit 5A02FF57) (tstamp 5B5DDEB9)
    (at 208.915 108.585)
    (descr "SOT-323, SC-70 Handsoldering")
    (tags "SOT-323 SC-70 Handsoldering")
    (path /5B68C6FD)
    (attr smd)
    (fp_text reference Q11 (at 0 -2) (layer F.SilkS)
      (effects (font (size 1 1) (thickness 0.15)))
    )
    (fp_text value MMBTA42 (at 0 2.05) (layer F.Fab)
      (effects (font (size 1 1) (thickness 0.15)))
    )
    (fp_text user %R (at 0 0 90) (layer F.Fab)
      (effects (font (size 0.5 0.5) (thickness 0.075)))
    )
    (fp_line (start 0.735 0.5) (end 0.735 1.16) (layer F.SilkS) (width 0.12))
    (fp_line (start 0.735 -1.17) (end 0.735 -0.5) (layer F.SilkS) (width 0.12))
    (fp_line (start 2.4 1.3) (end -2.4 1.3) (layer F.CrtYd) (width 0.05))
    (fp_line (start 2.4 -1.3) (end 2.4 1.3) (layer F.CrtYd) (width 0.05))
    (fp_line (start -2.4 -1.3) (end 2.4 -1.3) (layer F.CrtYd) (width 0.05))
    (fp_line (start -2.4 1.3) (end -2.4 -1.3) (layer F.CrtYd) (width 0.05))
    (fp_line (start 0.735 -1.16) (end -2 -1.16) (layer F.SilkS) (width 0.12))
    (fp_line (start -0.675 1.16) (end 0.735 1.16) (layer F.SilkS) (width 0.12))
    (fp_line (start 0.675 -1.1) (end -0.175 -1.1) (layer F.Fab) (width 0.1))
    (fp_line (start -0.675 -0.6) (end -0.675 1.1) (layer F.Fab) (width 0.1))
    (fp_line (start 0.675 -1.1) (end 0.675 1.1) (layer F.Fab) (width 0.1))
    (fp_line (start 0.675 1.1) (end -0.675 1.1) (layer F.Fab) (width 0.1))
    (fp_line (start -0.175 -1.1) (end -0.675 -0.6) (layer F.Fab) (width 0.1))
    (pad 1 smd rect (at -1.33 -0.65 270) (size 0.45 1.5) (layers F.Cu F.Paste F.Mask)
      (net 94 "Net-(Q11-Pad1)"))
    (pad 2 smd rect (at -1.33 0.65 270) (size 0.45 1.5) (layers F.Cu F.Paste F.Mask)
      (net 6 GND))
    (pad 3 smd rect (at 1.33 0 270) (size 0.45 1.5) (layers F.Cu F.Paste F.Mask)
      (net 130 /D1))
    (model ${KISYS3DMOD}/Package_TO_SOT_SMD.3dshapes/SOT-323_SC-70.wrl
      (at (xyz 0 0 0))
      (scale (xyz 1 1 1))
      (rotate (xyz 0 0 0))
    )
  )

  (module Package_TO_SOT_SMD:SOT-323_SC-70_Handsoldering (layer F.Cu) (tedit 5A02FF57) (tstamp 5B5FB10E)
    (at 208.915 112.395)
    (descr "SOT-323, SC-70 Handsoldering")
    (tags "SOT-323 SC-70 Handsoldering")
    (path /5B68F8EA)
    (attr smd)
    (fp_text reference Q12 (at 0 -2) (layer F.SilkS)
      (effects (font (size 1 1) (thickness 0.15)))
    )
    (fp_text value MMBTA42 (at 0 2.05) (layer F.Fab)
      (effects (font (size 1 1) (thickness 0.15)))
    )
    (fp_line (start -0.175 -1.1) (end -0.675 -0.6) (layer F.Fab) (width 0.1))
    (fp_line (start 0.675 1.1) (end -0.675 1.1) (layer F.Fab) (width 0.1))
    (fp_line (start 0.675 -1.1) (end 0.675 1.1) (layer F.Fab) (width 0.1))
    (fp_line (start -0.675 -0.6) (end -0.675 1.1) (layer F.Fab) (width 0.1))
    (fp_line (start 0.675 -1.1) (end -0.175 -1.1) (layer F.Fab) (width 0.1))
    (fp_line (start -0.675 1.16) (end 0.735 1.16) (layer F.SilkS) (width 0.12))
    (fp_line (start 0.735 -1.16) (end -2 -1.16) (layer F.SilkS) (width 0.12))
    (fp_line (start -2.4 1.3) (end -2.4 -1.3) (layer F.CrtYd) (width 0.05))
    (fp_line (start -2.4 -1.3) (end 2.4 -1.3) (layer F.CrtYd) (width 0.05))
    (fp_line (start 2.4 -1.3) (end 2.4 1.3) (layer F.CrtYd) (width 0.05))
    (fp_line (start 2.4 1.3) (end -2.4 1.3) (layer F.CrtYd) (width 0.05))
    (fp_line (start 0.735 -1.17) (end 0.735 -0.5) (layer F.SilkS) (width 0.12))
    (fp_line (start 0.735 0.5) (end 0.735 1.16) (layer F.SilkS) (width 0.12))
    (fp_text user %R (at 0 0 90) (layer F.Fab)
      (effects (font (size 0.5 0.5) (thickness 0.075)))
    )
    (pad 3 smd rect (at 1.33 0 270) (size 0.45 1.5) (layers F.Cu F.Paste F.Mask)
      (net 129 /D2))
    (pad 2 smd rect (at -1.33 0.65 270) (size 0.45 1.5) (layers F.Cu F.Paste F.Mask)
      (net 6 GND))
    (pad 1 smd rect (at -1.33 -0.65 270) (size 0.45 1.5) (layers F.Cu F.Paste F.Mask)
      (net 95 "Net-(Q12-Pad1)"))
    (model ${KISYS3DMOD}/Package_TO_SOT_SMD.3dshapes/SOT-323_SC-70.wrl
      (at (xyz 0 0 0))
      (scale (xyz 1 1 1))
      (rotate (xyz 0 0 0))
    )
  )

  (module Package_TO_SOT_SMD:SOT-323_SC-70_Handsoldering (layer B.Cu) (tedit 5A02FF57) (tstamp 5B5DDE8F)
    (at 208.975 108.57)
    (descr "SOT-323, SC-70 Handsoldering")
    (tags "SOT-323 SC-70 Handsoldering")
    (path /5B692F19)
    (attr smd)
    (fp_text reference Q13 (at 0 2) (layer B.SilkS)
      (effects (font (size 1 1) (thickness 0.15)) (justify mirror))
    )
    (fp_text value MMBTA42 (at 0 -2.05) (layer B.Fab)
      (effects (font (size 1 1) (thickness 0.15)) (justify mirror))
    )
    (fp_text user %R (at 0 0 -90) (layer B.Fab)
      (effects (font (size 0.5 0.5) (thickness 0.075)) (justify mirror))
    )
    (fp_line (start 0.735 -0.5) (end 0.735 -1.16) (layer B.SilkS) (width 0.12))
    (fp_line (start 0.735 1.17) (end 0.735 0.5) (layer B.SilkS) (width 0.12))
    (fp_line (start 2.4 -1.3) (end -2.4 -1.3) (layer B.CrtYd) (width 0.05))
    (fp_line (start 2.4 1.3) (end 2.4 -1.3) (layer B.CrtYd) (width 0.05))
    (fp_line (start -2.4 1.3) (end 2.4 1.3) (layer B.CrtYd) (width 0.05))
    (fp_line (start -2.4 -1.3) (end -2.4 1.3) (layer B.CrtYd) (width 0.05))
    (fp_line (start 0.735 1.16) (end -2 1.16) (layer B.SilkS) (width 0.12))
    (fp_line (start -0.675 -1.16) (end 0.735 -1.16) (layer B.SilkS) (width 0.12))
    (fp_line (start 0.675 1.1) (end -0.175 1.1) (layer B.Fab) (width 0.1))
    (fp_line (start -0.675 0.6) (end -0.675 -1.1) (layer B.Fab) (width 0.1))
    (fp_line (start 0.675 1.1) (end 0.675 -1.1) (layer B.Fab) (width 0.1))
    (fp_line (start 0.675 -1.1) (end -0.675 -1.1) (layer B.Fab) (width 0.1))
    (fp_line (start -0.175 1.1) (end -0.675 0.6) (layer B.Fab) (width 0.1))
    (pad 1 smd rect (at -1.33 0.65 90) (size 0.45 1.5) (layers B.Cu B.Paste B.Mask)
      (net 111 "Net-(Q13-Pad1)"))
    (pad 2 smd rect (at -1.33 -0.65 90) (size 0.45 1.5) (layers B.Cu B.Paste B.Mask)
      (net 6 GND))
    (pad 3 smd rect (at 1.33 0 90) (size 0.45 1.5) (layers B.Cu B.Paste B.Mask)
      (net 128 /D3))
    (model ${KISYS3DMOD}/Package_TO_SOT_SMD.3dshapes/SOT-323_SC-70.wrl
      (at (xyz 0 0 0))
      (scale (xyz 1 1 1))
      (rotate (xyz 0 0 0))
    )
  )

  (module Package_TO_SOT_SMD:SOT-323_SC-70_Handsoldering (layer B.Cu) (tedit 5A02FF57) (tstamp 5B5DDE7A)
    (at 208.915 120.015)
    (descr "SOT-323, SC-70 Handsoldering")
    (tags "SOT-323 SC-70 Handsoldering")
    (path /5B6968F8)
    (attr smd)
    (fp_text reference Q14 (at 0 2) (layer B.SilkS)
      (effects (font (size 1 1) (thickness 0.15)) (justify mirror))
    )
    (fp_text value MMBTA42 (at 0 -2.05) (layer B.Fab)
      (effects (font (size 1 1) (thickness 0.15)) (justify mirror))
    )
    (fp_line (start -0.175 1.1) (end -0.675 0.6) (layer B.Fab) (width 0.1))
    (fp_line (start 0.675 -1.1) (end -0.675 -1.1) (layer B.Fab) (width 0.1))
    (fp_line (start 0.675 1.1) (end 0.675 -1.1) (layer B.Fab) (width 0.1))
    (fp_line (start -0.675 0.6) (end -0.675 -1.1) (layer B.Fab) (width 0.1))
    (fp_line (start 0.675 1.1) (end -0.175 1.1) (layer B.Fab) (width 0.1))
    (fp_line (start -0.675 -1.16) (end 0.735 -1.16) (layer B.SilkS) (width 0.12))
    (fp_line (start 0.735 1.16) (end -2 1.16) (layer B.SilkS) (width 0.12))
    (fp_line (start -2.4 -1.3) (end -2.4 1.3) (layer B.CrtYd) (width 0.05))
    (fp_line (start -2.4 1.3) (end 2.4 1.3) (layer B.CrtYd) (width 0.05))
    (fp_line (start 2.4 1.3) (end 2.4 -1.3) (layer B.CrtYd) (width 0.05))
    (fp_line (start 2.4 -1.3) (end -2.4 -1.3) (layer B.CrtYd) (width 0.05))
    (fp_line (start 0.735 1.17) (end 0.735 0.5) (layer B.SilkS) (width 0.12))
    (fp_line (start 0.735 -0.5) (end 0.735 -1.16) (layer B.SilkS) (width 0.12))
    (fp_text user %R (at 0 0 -90) (layer B.Fab)
      (effects (font (size 0.5 0.5) (thickness 0.075)) (justify mirror))
    )
    (pad 3 smd rect (at 1.33 0 90) (size 0.45 1.5) (layers B.Cu B.Paste B.Mask)
      (net 127 /D4))
    (pad 2 smd rect (at -1.33 -0.65 90) (size 0.45 1.5) (layers B.Cu B.Paste B.Mask)
      (net 6 GND))
    (pad 1 smd rect (at -1.33 0.65 90) (size 0.45 1.5) (layers B.Cu B.Paste B.Mask)
      (net 102 "Net-(Q14-Pad1)"))
    (model ${KISYS3DMOD}/Package_TO_SOT_SMD.3dshapes/SOT-323_SC-70.wrl
      (at (xyz 0 0 0))
      (scale (xyz 1 1 1))
      (rotate (xyz 0 0 0))
    )
  )

  (module Package_TO_SOT_SMD:SOT-323_SC-70_Handsoldering (layer B.Cu) (tedit 5A02FF57) (tstamp 5B5DDE65)
    (at 208.915 93.345)
    (descr "SOT-323, SC-70 Handsoldering")
    (tags "SOT-323 SC-70 Handsoldering")
    (path /5B69E9E7)
    (attr smd)
    (fp_text reference Q16 (at 0 2) (layer B.SilkS)
      (effects (font (size 1 1) (thickness 0.15)) (justify mirror))
    )
    (fp_text value MMBTA42 (at 0 -2.05) (layer B.Fab)
      (effects (font (size 1 1) (thickness 0.15)) (justify mirror))
    )
    (fp_text user %R (at 0 0 -90) (layer B.Fab)
      (effects (font (size 0.5 0.5) (thickness 0.075)) (justify mirror))
    )
    (fp_line (start 0.735 -0.5) (end 0.735 -1.16) (layer B.SilkS) (width 0.12))
    (fp_line (start 0.735 1.17) (end 0.735 0.5) (layer B.SilkS) (width 0.12))
    (fp_line (start 2.4 -1.3) (end -2.4 -1.3) (layer B.CrtYd) (width 0.05))
    (fp_line (start 2.4 1.3) (end 2.4 -1.3) (layer B.CrtYd) (width 0.05))
    (fp_line (start -2.4 1.3) (end 2.4 1.3) (layer B.CrtYd) (width 0.05))
    (fp_line (start -2.4 -1.3) (end -2.4 1.3) (layer B.CrtYd) (width 0.05))
    (fp_line (start 0.735 1.16) (end -2 1.16) (layer B.SilkS) (width 0.12))
    (fp_line (start -0.675 -1.16) (end 0.735 -1.16) (layer B.SilkS) (width 0.12))
    (fp_line (start 0.675 1.1) (end -0.175 1.1) (layer B.Fab) (width 0.1))
    (fp_line (start -0.675 0.6) (end -0.675 -1.1) (layer B.Fab) (width 0.1))
    (fp_line (start 0.675 1.1) (end 0.675 -1.1) (layer B.Fab) (width 0.1))
    (fp_line (start 0.675 -1.1) (end -0.675 -1.1) (layer B.Fab) (width 0.1))
    (fp_line (start -0.175 1.1) (end -0.675 0.6) (layer B.Fab) (width 0.1))
    (pad 1 smd rect (at -1.33 0.65 90) (size 0.45 1.5) (layers B.Cu B.Paste B.Mask)
      (net 106 "Net-(Q16-Pad1)"))
    (pad 2 smd rect (at -1.33 -0.65 90) (size 0.45 1.5) (layers B.Cu B.Paste B.Mask)
      (net 6 GND))
    (pad 3 smd rect (at 1.33 0 90) (size 0.45 1.5) (layers B.Cu B.Paste B.Mask)
      (net 135 /D6))
    (model ${KISYS3DMOD}/Package_TO_SOT_SMD.3dshapes/SOT-323_SC-70.wrl
      (at (xyz 0 0 0))
      (scale (xyz 1 1 1))
      (rotate (xyz 0 0 0))
    )
  )

  (module Package_TO_SOT_SMD:SOT-323_SC-70_Handsoldering (layer F.Cu) (tedit 5A02FF57) (tstamp 5B5DDE50)
    (at 208.915 100.965)
    (descr "SOT-323, SC-70 Handsoldering")
    (tags "SOT-323 SC-70 Handsoldering")
    (path /5B6A3147)
    (attr smd)
    (fp_text reference Q17 (at 0 -2) (layer F.SilkS)
      (effects (font (size 1 1) (thickness 0.15)))
    )
    (fp_text value MMBTA42 (at 0 2.05) (layer F.Fab)
      (effects (font (size 1 1) (thickness 0.15)))
    )
    (fp_line (start -0.175 -1.1) (end -0.675 -0.6) (layer F.Fab) (width 0.1))
    (fp_line (start 0.675 1.1) (end -0.675 1.1) (layer F.Fab) (width 0.1))
    (fp_line (start 0.675 -1.1) (end 0.675 1.1) (layer F.Fab) (width 0.1))
    (fp_line (start -0.675 -0.6) (end -0.675 1.1) (layer F.Fab) (width 0.1))
    (fp_line (start 0.675 -1.1) (end -0.175 -1.1) (layer F.Fab) (width 0.1))
    (fp_line (start -0.675 1.16) (end 0.735 1.16) (layer F.SilkS) (width 0.12))
    (fp_line (start 0.735 -1.16) (end -2 -1.16) (layer F.SilkS) (width 0.12))
    (fp_line (start -2.4 1.3) (end -2.4 -1.3) (layer F.CrtYd) (width 0.05))
    (fp_line (start -2.4 -1.3) (end 2.4 -1.3) (layer F.CrtYd) (width 0.05))
    (fp_line (start 2.4 -1.3) (end 2.4 1.3) (layer F.CrtYd) (width 0.05))
    (fp_line (start 2.4 1.3) (end -2.4 1.3) (layer F.CrtYd) (width 0.05))
    (fp_line (start 0.735 -1.17) (end 0.735 -0.5) (layer F.SilkS) (width 0.12))
    (fp_line (start 0.735 0.5) (end 0.735 1.16) (layer F.SilkS) (width 0.12))
    (fp_text user %R (at 0 0 90) (layer F.Fab)
      (effects (font (size 0.5 0.5) (thickness 0.075)))
    )
    (pad 3 smd rect (at 1.33 0 270) (size 0.45 1.5) (layers F.Cu F.Paste F.Mask)
      (net 134 /D7))
    (pad 2 smd rect (at -1.33 0.65 270) (size 0.45 1.5) (layers F.Cu F.Paste F.Mask)
      (net 6 GND))
    (pad 1 smd rect (at -1.33 -0.65 270) (size 0.45 1.5) (layers F.Cu F.Paste F.Mask)
      (net 107 "Net-(Q17-Pad1)"))
    (model ${KISYS3DMOD}/Package_TO_SOT_SMD.3dshapes/SOT-323_SC-70.wrl
      (at (xyz 0 0 0))
      (scale (xyz 1 1 1))
      (rotate (xyz 0 0 0))
    )
  )

  (module Package_TO_SOT_SMD:SOT-323_SC-70_Handsoldering (layer B.Cu) (tedit 5A02FF57) (tstamp 5B5FD10D)
    (at 208.975 112.395)
    (descr "SOT-323, SC-70 Handsoldering")
    (tags "SOT-323 SC-70 Handsoldering")
    (path /5B6A7F16)
    (attr smd)
    (fp_text reference Q18 (at 0 2) (layer B.SilkS)
      (effects (font (size 1 1) (thickness 0.15)) (justify mirror))
    )
    (fp_text value MMBTA42 (at 0.575 -1.27) (layer B.Fab)
      (effects (font (size 1 1) (thickness 0.15)) (justify mirror))
    )
    (fp_text user %R (at 0 0 -90) (layer B.Fab)
      (effects (font (size 0.5 0.5) (thickness 0.075)) (justify mirror))
    )
    (fp_line (start 0.735 -0.5) (end 0.735 -1.16) (layer B.SilkS) (width 0.12))
    (fp_line (start 0.735 1.17) (end 0.735 0.5) (layer B.SilkS) (width 0.12))
    (fp_line (start 2.4 -1.3) (end -2.4 -1.3) (layer B.CrtYd) (width 0.05))
    (fp_line (start 2.4 1.3) (end 2.4 -1.3) (layer B.CrtYd) (width 0.05))
    (fp_line (start -2.4 1.3) (end 2.4 1.3) (layer B.CrtYd) (width 0.05))
    (fp_line (start -2.4 -1.3) (end -2.4 1.3) (layer B.CrtYd) (width 0.05))
    (fp_line (start 0.735 1.16) (end -2 1.16) (layer B.SilkS) (width 0.12))
    (fp_line (start -0.675 -1.16) (end 0.735 -1.16) (layer B.SilkS) (width 0.12))
    (fp_line (start 0.675 1.1) (end -0.175 1.1) (layer B.Fab) (width 0.1))
    (fp_line (start -0.675 0.6) (end -0.675 -1.1) (layer B.Fab) (width 0.1))
    (fp_line (start 0.675 1.1) (end 0.675 -1.1) (layer B.Fab) (width 0.1))
    (fp_line (start 0.675 -1.1) (end -0.675 -1.1) (layer B.Fab) (width 0.1))
    (fp_line (start -0.175 1.1) (end -0.675 0.6) (layer B.Fab) (width 0.1))
    (pad 1 smd rect (at -1.33 0.65 90) (size 0.45 1.5) (layers B.Cu B.Paste B.Mask)
      (net 110 "Net-(Q18-Pad1)"))
    (pad 2 smd rect (at -1.33 -0.65 90) (size 0.45 1.5) (layers B.Cu B.Paste B.Mask)
      (net 6 GND))
    (pad 3 smd rect (at 1.33 0 90) (size 0.45 1.5) (layers B.Cu B.Paste B.Mask)
      (net 133 /D8))
    (model ${KISYS3DMOD}/Package_TO_SOT_SMD.3dshapes/SOT-323_SC-70.wrl
      (at (xyz 0 0 0))
      (scale (xyz 1 1 1))
      (rotate (xyz 0 0 0))
    )
  )

  (module Package_TO_SOT_SMD:SOT-323_SC-70_Handsoldering (layer F.Cu) (tedit 5A02FF57) (tstamp 5B5DDE26)
    (at 208.915 104.775)
    (descr "SOT-323, SC-70 Handsoldering")
    (tags "SOT-323 SC-70 Handsoldering")
    (path /5B6B2485)
    (attr smd)
    (fp_text reference Q20 (at 0 -2) (layer F.SilkS)
      (effects (font (size 1 1) (thickness 0.15)))
    )
    (fp_text value MMBTA42 (at 0 2.05) (layer F.Fab)
      (effects (font (size 1 1) (thickness 0.15)))
    )
    (fp_line (start -0.175 -1.1) (end -0.675 -0.6) (layer F.Fab) (width 0.1))
    (fp_line (start 0.675 1.1) (end -0.675 1.1) (layer F.Fab) (width 0.1))
    (fp_line (start 0.675 -1.1) (end 0.675 1.1) (layer F.Fab) (width 0.1))
    (fp_line (start -0.675 -0.6) (end -0.675 1.1) (layer F.Fab) (width 0.1))
    (fp_line (start 0.675 -1.1) (end -0.175 -1.1) (layer F.Fab) (width 0.1))
    (fp_line (start -0.675 1.16) (end 0.735 1.16) (layer F.SilkS) (width 0.12))
    (fp_line (start 0.735 -1.16) (end -2 -1.16) (layer F.SilkS) (width 0.12))
    (fp_line (start -2.4 1.3) (end -2.4 -1.3) (layer F.CrtYd) (width 0.05))
    (fp_line (start -2.4 -1.3) (end 2.4 -1.3) (layer F.CrtYd) (width 0.05))
    (fp_line (start 2.4 -1.3) (end 2.4 1.3) (layer F.CrtYd) (width 0.05))
    (fp_line (start 2.4 1.3) (end -2.4 1.3) (layer F.CrtYd) (width 0.05))
    (fp_line (start 0.735 -1.17) (end 0.735 -0.5) (layer F.SilkS) (width 0.12))
    (fp_line (start 0.735 0.5) (end 0.735 1.16) (layer F.SilkS) (width 0.12))
    (fp_text user %R (at 0 0 90) (layer F.Fab)
      (effects (font (size 0.5 0.5) (thickness 0.075)))
    )
